2.944611735
2.943617682
2.941440507
3.015843242
2.975167939
2.95016914
3.285369255
3.285578774
3.285076806
3.244456498
2.858465997
2.919883011
3.281216453
3.2816018
3.280872136
3.266265743
2.856598514
2.931058593
3.277721498
3.278322578
3.277836907
3.244513146
2.851541321
2.940449923
3.274232342
3.27467252
3.274976792
3.232831335
2.848808318
2.907023654
3.271719933
3.271474676
3.271790642
3.250106412
2.847791372
2.932032328
3.269377663
3.269467377
3.269871316
3.228943559
2.843979565
2.840238079
2.839522852
3.144396379
3.508397435
3.508880121
3.509985276
3.508934598
3.509811873
3.508717743
3.508820308
3.509335151
3.509701974
3.51083761
3.510020307
3.509796965
3.508710048
3.510457948
3.509494932
3.510156643
3.507103169
3.509375846
3.509927643
3.511972924
3.511526597
3.510702776
3.510397827
3.510229524
3.510217758
3.50979569
3.510233717
3.510604717
3.51066909
3.510153301
3.510458271
3.509662924
3.510429609
3.51036644
3.510811278
3.510441156
3.510127657
3.510431094
3.509229313
3.510443397
3.509659131
3.510437435
3.509032393
3.50651157
3.505496426
3.505468536
3.505871464
3.506513276
3.506892955
3.506492418
3.507640184
3.506381594
3.507550465
3.506618842
3.507202472
3.506674178











2.944611735
2.943617682
2.941440507
0
2.975167939
2.95016914
0
0
0
0
2.858465997
2.919883011
0
0
0
0
2.856598514
2.931058593
0
0
0
0
2.851541321
2.940449923
0
0
0
0
2.848808318
2.907023654
0
0
0
0
2.847791372
2.932032328
0
0
0
0
2.843979565
2.840238079
2.839522852
3.144396379
3.508397435
3.508880121
3.509985276
3.508934598
3.509811873
3.508717743
3.508820308
3.509335151
3.509701974
3.51083761
3.510020307
3.509796965
3.508710048
3.510457948
3.509494932
3.510156643
3.507103169
3.509375846
3.509927643
3.511972924
3.511526597
3.510702776
3.510397827
3.510229524
3.510217758
3.50979569
3.510233717
3.510604717
3.51066909
3.510153301
3.510458271
3.509662924
3.510429609
3.51036644
3.510811278
3.510441156
3.510127657
3.510431094
3.509229313
3.510443397
3.509659131
3.510437435
3.509032393
3.50651157
3.505496426
3.505468536
3.505871464
3.506513276
3.506892955
3.506492418
3.507640184
3.506381594
3.507550465
3.506618842
3.507202472
3.506674178
